14872
86182
43656
85315
90834
80045
46279
30947
21374
72621
12389
67579
43656
63407
14457
88395
96234
18203
68865
46056
31396
38740
86211
21692
34796
15045
37224
93912
75324
71207
28531
81902
30947
26456
31935
31935
63848
91948
88896
95050
56554
85108
50652
42099
53544
80370
80370
21828
10740
30403
87413
94461
80370
81902
55634
81902
70536
31396
68564
40680
43656
13595
79022
66901
33564
25915
38273
78207
24017
36263
97201
27307
97487
97979
60051
25915
93045
60562
86686
85874
69937
50228
13151
57318
66727
80222
18625
96995
27814
72597
14872
43656
98087
91047
62018
34735
48415
30947
76891
63741
93960
81716
31935
14609
13612
34796
56858
95843
79751
22373
33943
68564
75968
49814
30947
62569
37250
55670
31935
73721
63350
15293
67580
19369
25099
40454
16142
71345
79356
33981
31396
54646
34796
46279
80045
21157
76136
56687
32173
46279
18085
75005
40124
29974
97201
22373
25915
48255
68564
80045
58244
64971
11780
53840
89474
38754
25915
14872
28428
51586
78802
65594
14925
49815
81902
81326
17693
15419
11780
55426
70448
41784
75968
80045
28578
65464
43656
80045
72117
56858
97201
48255
38234
34796
81902
30403
81902
80045
36673
89585
88896
80045
94333
89708
70184
90992
99580
50228
34018
26417
30403
98258
90301
81902
88288
19170
23050
35940
15601
50228
42357
87025
56858
40959
73652
80045
19369
19369
88896
54668
25915
40124
11349
51505
26196
11220
96587
76569
81623
30728
57329
81902
83387
72297
57279
30947
59853
49975
34796
96834
95736
66937
93318
39898
37056
97253
68460
13591
50228
82900
41831
98955
13612
21838
17628
57871
48255
70338
14872
68564
11873
43656
52069
79205
80045
56858
23900
51307
20308
31396
91747
87970
90134
33972
43402
30403
37227
32507
90123
54511
27814
88896
87294
43656
48739
94736
28466
84011
95244
24359
92198
78978
11780
35872
11780
41849
71818
79810
21157
18175
56858
94333
45286
43656
31396
45955
95996
20192
13612
59748
75968
68564
25915
45350
76332
81326
39307
22093
96648
65492
56858
43656
31396
28126
94702
56672
41199
89015
10888
80699
33732
14949
36727
87031
15740
80045
59349
71974
49833
80714
85760
80370
42793
71880
59896
37319
74991
73652
56836
24742
96665
73652
17915
81326
72240
26301
46056
11140
80370
43609
18944
14483
84354
28052
44209
94712
92523
52869
65874
11780
27274
23077
99212
78809
79813
30403
90245
81135
43656
56858
57457
15315
31642
91620
57818
33234
13612
20422
20328
68564
89807
31396
21157
57474
93464
54135
75431
89337
85178
25915
94354
30974
86157
19122
71603
94579
80370
39385
32550
76018
49303
31396
94333
60492
66925
19369
30682
34796
84227
89081
57058
19369
40124
35430
89952
68440
27404
76800
80370
67957
22373
66477
20836
68564
46945
88896
68564
39589
72751
74910
75990
62184
57314
49736
48255
97201
68865
34796
74948
43656
21157
22716
34796
48255
29915
68865
43088
18978
20794
87927
46248
15158
40474
94333
56672
22373
19369
49689
68074
34796
22841
75878
14901
40124
74145
80370
80045
31396
14872
35575
41578
43656
59876
68865
52835
81503
68564
18898
94320
13612
54600
66295
68564
86876
57300
43538
21157
88896
57385
94333
11780
68865
48255
47096
60433
68564
56858
40124
30497
86662
78165
67123
70389
97260
43755
96171
31396
32478
10307
43656
50228
94333
17632
30653
59421
58568
21157
48255
74539
99214
33500
80541
26109
97201
31396
13612
89741
30403
31396
36725
43656
20566
24742
94333
49787
31396
56858
76520
40699
60374
93396
97796
33317
31715
13537
97201
30403
94333
68797
34796
89943
67333
41803
99088
71716
81287
37265
20523
75968
41922
46689
81347
97201
43561
31396
74640
56672
56858
94333
11780
25915
55991
75968
13612
50890
97201
21157
14872
40124
22613
43361
10761
60879
92097
13612
97201
18585
45638
55727
90094
29249
27199
34429
19369
31313
97700
70925
84873
33414
67163
31396
11456
43656
43656
44430
88781
79593
94062
30947
58309
80045
92191
33345
40844
75524
43403
88896
36543
21157
84567
78699
74192
51586
88896
35652
24112
81326
25074
25915
94333
77958
49796
80045
21157
43771
75968
46087
37746
85745
76047
80370
98673
76255
80370
29711
51586
23086
80370
24742
43543
46279
58205
67100
14872
98011
79598
34796
25915
36271
11780
78902
15092
94333
31184
11447
36783
31994
28778
50228
72338
68865
31396
31710
18029
30248
35450
49627
25915
31396
46279
87463
40124
51586
21515
81326
28497
53032
33285
88896
11367
80045
22373
11780
40124
81902
22373
67536
18681
80045
24742
26306
89613
59490
22743
80459
31935
24611
68564
62092
68564
38769
62587
22210
88896
61861
13612
68564
98827
25915
26135
52964
43656
70406
19265
68564
87046
81902
67615
67631
40413
80045
81902
91922
75073
27664
27814
27959
71679
74369
57496
23305
64462
43855
22416
98392
90613
68564
56858
55097
57790
80370
40124
68564
84078
38612
11780
48255
23054
40124
21344
30568
60974
25773
60654
40392
27723
35230
92827
20497
19369
58544
97285
66161
88896
98911
58310
13612
93381
81326
14896
80045
33934
19369
53243
94333
66744
38332
71338
81760
44454
88896
42137
31396
80370
94333
10987
41861
25498
82486
93178
88121
68004
52912
57580
55148
40124
34796
73879
40075
88796
81902
27951
51586
13612
41678
56236
11780
92114
85239
34453
68865
56858
80370
55594
18077
88896
36425
25915
82650
41066
70257
14872
24495
47449
68865
70536
43243
88896
24742
28631
86694
62627
48813
28489
84536
80024
62926
50228
40124
31530
80370
13922
75968
53359
34796
85215
68564
56300
86165
88896
57052
22373
97201
15143
85978
23335
24498
80045
70536
51594
26882
87082
39538
27347
51930
94333
41921
84778
21872
59326
73432
31935
44396
44391
89041
25947
21157
24742
15007
68564
50230
14872
97201
24904
20111
21157
30403
92058
94333
31396
77346
76178
43656
57124
75979
25915
84487
40124
20994
94333
14493
30947
22373
71965
25915
35060
53242
56815
56858
64705
38903
80370
11515
73652
90593
69166
77382
14872
78383
50005
78823
66318
13612
73652
11780
29692
81902
22373
92940
80370
49384
70536
94221
80370
68564
56858
69426
30104
29117
84323
20029
41150
56858
60022
23230
56858
63002
31122
49844
38592
69357
25915
15463
80370
30947
92854
31935
86245
21547
73108
86542
80659
77477
17661
24717
93182
62773
22838
68865
34807
21157
87473
57148
91244
21157
56858
40124
49176
57181
84572