53906
35867
61313
23620
96434
70853
81024
74096
95143
58372
31935
49854
86609
89364
74266
52098
96964
49393
50534
15769
80451
74551
91700
93090
17501
16736
46056
75968
97701
28685
51195
74109
61906
61901
27949
80781
45869
76250
92161
92901
84135
36445
91602
14229
26675
31839
79535
36655
68093
49052
38777
10824
38968
63083
95411
69727
93596
52663
65999
59890
66226
94707
13899
25283
79946
80152
78359
28675
51401
21022
96272
22693
21648
46178
17466
82661
39775
48681
47199
30660
18285
55428
98906
86638
48728
78268
32191
75544
38692
51182
24564
78193
14830
51013
40389
80648
25915
75278
73740
47851
30743
30074
47127
66658
81404
78838
98988
61023
44069
58419
88253
10357
65647
56636
96378
61167
34557
64400
51614
12364
71834
11214
84197
46279
85435
87320
28341
65983
94333
66873
50771
91221
63742
99770
37731
20432
39263
99080
29242
93843
53850
68835
43354
48317
89326
75434
70473
63394
38016
78812
93261
20014
11924
21157
24802
55997
87219
20988
39639
29464
61672
96734
55764
52658
66306
19417
20305
33337
58435
88271
72760
62171
35420
85791
86874
47942
65982
54647
76794
71733
99560
57741
19684
82201
56598
78671
57520
28794
70718
12894
80420
75179
37527
68865
54484
22482
28787
23380
24819
23039
34777
38089
40091
65391
64984
47803
54239
89439
64104
42956
60123
62887
50719
60551
32730
80253
31948
33170
43380
66465
68963
74433
42272
45882
62636
97266
23083
27358
44481
11314
64712
95360
43100
22699
95680
12170
51297
48255
23355
55264
43234
58663
24467
31569
91720
17395
87456
61344
50316
50313
33328
70391
40124
80337
66151
14932
34464
18164
84969
30898
76526
41007
46997
74614
97267
13525
83587
70678
96613
39592
44365
44840
99891
58567
58851
87728
84786
13329
93229
43915
83982
19567
33979
40170
97852
45928
74935
97730
74826
68208
53130
41725
57089
98073
23652
97201
87155
88640
37745
14056
95658
48755
13619
81792
78244
30595
84035
60013
30544
94649
12343
37130
89486
30879
82252
72035
96757
12935
76836
13035
64394
68916
81474
90650
56290
35758
58825
55904
39969
45804
39063
71312
98164
83970
63860
19008
36342
75519
70509
15393
98995
80265
95001
28863
65186
91417
18213
46598
17350
77732
43239
91884
98023
30603
50132
14657
89888
29239
33269
86498
32323
87234
91312
55972
95671
47556
64231
40010
78889
65672
66829
58976
52684
12106
40894
73516
98758
78558
91842
36111
81902
57016
62322
12386
46583
16653
90664
99386
53504
88729
33262
22996
49944
71217
89409
81592
98029
54437
73652
44888
16495
20340
69933
23100
27337
81726
36381
13641
93685
73502
95815
26455
89509
43369
78840
84665
27145
20548
51087
24544
72048
70432
66825
30189
87176
69550
52304
22031
41939
30725
71537
53526
65213
51028
87427
18856
12027
28641
49464
15977
58898
39039
67691
60850
13012
84069
32568
96125
25181
73744
56977
80745
68012
47755
78533
23621
11353
84311
88935
54337
62396
83685
13519
89345
91712
54787
41442
57095
73305
40222
18020
62794
26368
11475
75682
75582
97642
43518
61262
65073
64250
41393
43735
52143
20553
88338
92669
97752
30830
13583
34097
95952
20902
35750
79359
19583
77422
63966
25403
71523
93579
35074
75840
44626
72438
54577
66690
41197
13612
25465
55920
89969
58286
43656
82249
30657
39157
18894
11955
43927
16920
29478
77022
33574
52142
43400
20918
59754
54975
45684
70895
68461
96575
39266
85211
62831
58008
52256
67407
11485
73476
28411
58997
50228
22731
60317
50387
47125
32596
86041
17153
47001
95064
60020
97079
95911
42771
31218
58019
27090
42716
13624
14872
15763
59386
29342
85955
92842
84757
76051
27595
74249
76224
46211
16434
95096
65042
89918
57601
45468
38812
51266
90185
75344
68758
54439
49138
72447
24656
94875
22373
44518
43686
32501
42849
96366
97664
75951
87742
26127
49148
44880
48351
49769
53310
97615
44217
35613
37774
37902
20513
22058
69695
12676
78546
93366
43779
42156
26825
61551
79992
70690
60303
47232
27958
65137
81422
90350
82498
34184
49629
52046
68564
74624
84055
78176
19369
29606
56381
41549
98646
10620
71804
70094
22047
26955
20916
70578
31396
38677
51586
33206
40909
86670
71335
90443
76017
64608
46749
89544
41857
42787
73907
62371
24918
51056
39721
67175
30403
64135
76994
66535
59032
75831
30096
23350
59712
38953
60226
82255
36348
76999
10164
15946
77511
95601
18152
32771
20404
61545
34285
84576
51878
88769
63200
68855
65595
48751
60205
96460
89979
11820
83877
20276
19438
94604
14247
89516
44165
58766
11456
11021
55218
74173
46876
63558
64004
72949
57103
95565
16875
81532
15150
74559
62813
29326
81512
49315
76486
42556
72818
24550
64689
73254
93699
53060
93009
39670
61036
45671
41312
49132
38018
71072
22869
55057
24941
84686
28947
25665
78778
14626
37342
59900
43285
92065
20557
45377
14449
97504
53508
39463
40767
64115
57015
10790
39059
97687
80185
42697
84512
88890
26625
23057
86691
19977
20885
82396
95747
70767
36646
55189
88283
61823
81975
96120
27584
29777
83851
68499
71570
83910
72510
29704
58042
10666
25477
46516
11780
60016
76061
45171
16022
43064
74174
75767
94834
43884
73079
49817
84945
37442
75204
88344
78701
79748
74272
32505
74004
97970
43969
34338
56706
70683
51351
15913
34587
27138
81477
37366
15828
29715
97538
16406
68956
21846
76758
59057
43840
67201
49427
41187
36754
23374
39822
66021
42652
24842
24280
88867
89241
23591
59260
50605
24330
25882
35776
54141
75680
84399
78265
87750
36091
27814
63430
63140
81319
89693
44939
78937
34287
60288
39738
66981
93466
43980
50378
65798
33048
74858
41614
78108
95851
55294
91809
18352
92466
20367
94765
70536
83561
80370
70474
96303
12398
23108
53083
99161
85566
32257
46065
63630
42636
94467
62773
56672
25886
13184
24742
69268
22434
12984
27117
10754
24873
39306
68234
17427
97952
33373
76327
45608
48367
54606
24726
10736
13367
95178
27296
68391
98563
20841
20931
60534
44041
39264
12510
65091
73605
43630
80045
17857
71065
67686
40016
96408
34507
10576
62967
68474
67663
27217
45444
16316
53563
76310
56858
96287
80543
82061
44833
58023
93209
19697
53393
97156
13069
72142
57137
48483
72970
93043
56792
73491
95205
84502
50655
81326
30947
81476
54995
88684
16695
67522
14444
48169
77304
10022
85352
88896
80571
75090
45429
38945
70349
13113
34796
32195
28292
14969